# Created by Octave 4.0.3, Tue Oct 10 17:27:22 2017 -03 <ra169767@pedrita.lab.ic.unicamp.br>
# name: confusion
# type: matrix
# rows: 10
# columns: 10
 0.4905094905094905 0.1008991008991009 0.06193806193806194 0.007992007992007992 0.05694305694305694 0.01798201798201798 0.07592407592407592 0.05494505494505494 0.07992007992007992 0.05294705294705294
 0.09580838323353294 0.4001996007984032 0.01996007984031936 0.006986027944111776 0.03093812375249501 0.01297405189620758 0.2105788423153693 0.05888223552894212 0.06487025948103792 0.09880239520958084
 0.2547452547452547 0.1028971028971029 0.1508491508491508 0.01498501498501499 0.0959040959040959 0.03296703296703297 0.1708291708291708 0.09290709290709291 0.04595404595404595 0.03796203796203796
 0.1686626746506986 0.1447105788423154 0.08882235528942116 0.0219560878243513 0.06986027944111776 0.05888223552894212 0.2205588822355289 0.09580838323353294 0.06287425149700598 0.06786427145708583
 0.117 0.127 0.09 0.019 0.14 0.029 0.26 0.112 0.047 0.059
 0.168 0.146 0.106 0.015 0.089 0.063 0.2 0.111 0.044 0.058
 0.1206380857427717 0.1445663010967099 0.04586241276171486 0.004985044865403789 0.06879361914257229 0.02392821535393819 0.3848454636091725 0.08673978065802593 0.04685942173479561 0.07278165503489531
 0.101593625498008 0.1852589641434263 0.0398406374501992 0.01693227091633466 0.07768924302788845 0.04581673306772908 0.2310756972111554 0.1384462151394422 0.06673306772908366 0.09661354581673307
 0.3230309072781655 0.1635094715852443 0.06281156530408774 0.009970089730807577 0.05284147557328016 0.01196410767696909 0.09970089730807577 0.05483549351944168 0.1425722831505483 0.07876370887337986
 0.107 0.28 0.023 0.004 0.033 0.014 0.206 0.064 0.095 0.174


